64x64:

            None|    O0    |    O1    |    O2    |    O3    |   Ofast  |

ASM:  0,001046	| 0,000999 | 0,000990 | 0,001011 | 0,000985 | 0,000992 |

C:	  0,001959	| 0,000995 | 0,000992 | 0,000972 | 0,000994 | 0,000968 |
	
				|		   |	 	  | 	 	 | 			| 		   |
560x940
				|		   |		  | 		 |  	    |   	   |
 
ASM:  0,1981600 | 0,020845 | 0,019866 | 0,020763 | 0,019875 | 0,020802 |
 
C:    0,1134300 | 0,112992 | 0,012908 | 0,010914 | 0,007930 | 0,006951 |

				| 	 	   | 		  | 		 | 		    | 		   |
1200x1114
				| 		   | 		  | 		 | 	 		| 		   |

ASM:  0,0565740 | 0,029091 | 0,033738 | 0,025799 | 0,017876 | 0,016825 |

C: 	  0,546490  | 0,056606 | 0,052685 | 0,055560 | 0,054549 | 0,053636 |
